ncols 69 
nrows 79
xllcorner 779513
yllcorner 187738
cellsize 30
NODATA_value -9999
2004.551 2007.058 2009.715 2012.498 2015.379 2018.328 2021.315 2024.306 2027.266 2030.161 2032.959 2035.624 2038.126 2040.436 2042.528 2044.379 2045.969 2047.285 2048.315 2049.055 2049.503 2049.665 2049.548 2049.168 2048.542 2047.693 2046.648 2045.438 2044.095 2042.656 2041.157 2039.638 2038.139 2036.697 2035.351 2034.138 2033.09 2032.238 2031.607 2031.218 2031.086 2031.218 2031.615 2032.273 2033.175 2034.301 2035.62 2037.096 2038.685 2040.337 2041.998 2043.607 2045.105 2046.429 2047.517 2048.31 2048.752 2048.793 2048.391 2047.511 2046.129 2044.229 2041.808 2038.874 2035.447 2031.556 2027.241 2022.553 2017.549
2006.588 2008.876 2011.313 2013.872 2016.527 2019.247 2022 2024.754 2027.473 2030.125 2032.675 2035.092 2037.344 2039.404 2041.247 2042.85 2044.196 2045.272 2046.068 2046.579 2046.807 2046.756 2046.436 2045.861 2045.05 2044.025 2042.813 2041.443 2039.948 2038.362 2036.722 2035.065 2033.43 2031.854 2030.373 2029.023 2027.836 2026.841 2026.062 2025.521 2025.231 2025.201 2025.432 2025.918 2026.646 2027.595 2028.737 2030.037 2031.452 2032.935 2034.431 2035.883 2037.232 2038.418 2039.379 2040.057 2040.398 2040.354 2039.88 2038.944 2037.52 2035.594 2033.163 2030.233 2026.824 2022.964 2018.694 2014.062 2009.126
2008.957 2011.022 2013.231 2015.559 2017.978 2020.456 2022.963 2025.465 2027.928 2030.318 2032.602 2034.75 2036.73 2038.517 2040.087 2041.418 2042.496 2043.307 2043.845 2044.105 2044.089 2043.803 2043.258 2042.469 2041.454 2040.235 2038.84 2037.296 2035.636 2033.893 2032.103 2030.301 2028.524 2026.809 2025.19 2023.701 2022.373 2021.234 2020.309 2019.615 2019.169 2018.977 2019.042 2019.358 2019.913 2020.686 2021.652 2022.777 2024.018 2025.331 2026.664 2027.96 2029.163 2030.213 2031.05 2031.619 2031.866 2031.741 2031.205 2030.223 2028.77 2026.833 2024.406 2021.497 2018.124 2014.316 2010.11 2005.557 2000.71
2011.609 2013.445 2015.42 2017.508 2019.68 2021.906 2024.153 2026.389 2028.579 2030.69 2032.691 2034.549 2036.238 2037.731 2039.007 2040.045 2040.832 2041.358 2041.615 2041.602 2041.323 2040.784 2039.996 2038.975 2037.74 2036.314 2034.722 2032.994 2031.16 2029.252 2027.305 2025.353 2023.432 2021.575 2019.817 2018.19 2016.723 2015.443 2014.373 2013.532 2012.932 2012.583 2012.486 2012.636 2013.022 2013.625 2014.419 2015.371 2016.444 2017.592 2018.766 2019.911 2020.973 2021.893 2022.615 2023.082 2023.243 2023.05 2022.462 2021.447 2019.979 2018.045 2015.64 2012.77 2009.452 2005.715 2001.596 1997.142 1992.406
2014.495 2016.096 2017.828 2019.667 2021.583 2023.544 2025.519 2027.475 2029.377 2031.193 2032.892 2034.445 2035.823 2037.003 2037.965 2038.691 2039.169 2039.389 2039.348 2039.045 2038.485 2037.676 2036.63 2035.364 2033.898 2032.253 2030.457 2028.536 2026.521 2024.444 2022.337 2020.234 2018.167 2016.17 2014.276 2012.513 2010.911 2009.495 2008.286 2007.302 2006.557 2006.057 2005.806 2005.797 2006.022 2006.461 2007.091 2007.88 2008.792 2009.783 2010.806 2011.81 2012.739 2013.54 2014.156 2014.532 2014.619 2014.37 2013.745 2012.712 2011.245 2009.331 2006.965 2004.153 2000.911 1997.265 1993.252 1988.918 1984.314
2017.567 2018.925 2020.408 2021.989 2023.637 2025.323 2027.013 2028.674 2030.274 2031.78 2033.162 2034.391 2035.442 2036.293 2036.924 2037.321 2037.473 2037.372 2037.017 2036.409 2035.554 2034.463 2033.148 2031.627 2029.919 2028.049 2026.041 2023.924 2021.725 2019.477 2017.21 2014.956 2012.747 2010.613 2008.587 2006.695 2004.964 2003.419 2002.079 2000.962 2000.08 1999.439 1999.043 1998.887 1998.96 1999.247 1999.723 2000.36 2001.122 2001.968 2002.852 2003.726 2004.536 2005.23 2005.753 2006.053 2006.08 2005.791 2005.144 2004.109 2002.661 2000.786 1998.478 1995.743 1992.595 1989.061 1985.175 1980.98 1976.528
2020.78 2021.889 2023.114 2024.427 2025.798 2027.196 2028.589 2029.943 2031.226 2032.408 2033.458 2034.349 2035.058 2035.564 2035.85 2035.903 2035.715 2035.28 2034.598 2033.674 2032.514 2031.131 2029.539 2027.755 2025.802 2023.702 2021.48 2019.164 2016.782 2014.363 2011.939 2009.538 2007.191 2004.927 2002.775 2000.761 1998.911 1997.247 1995.787 1994.547 1993.54 1992.771 1992.243 1991.951 1991.887 1992.034 1992.37 1992.869 1993.495 1994.21 1994.97 1995.728 1996.434 1997.036 1997.482 1997.722 1997.707 1997.394 1996.744 1995.726 1994.315 1992.498 1990.267 1987.628 1984.595 1981.192 1977.452 1973.416 1969.134
2024.092 2024.945 2025.903 2026.939 2028.023 2029.122 2030.206 2031.241 2032.195 2033.039 2033.744 2034.284 2034.638 2034.786 2034.714 2034.411 2033.872 2033.092 2032.075 2030.825 2029.353 2027.672 2025.798 2023.749 2021.547 2019.215 2016.78 2014.267 2011.704 2009.119 2006.542 2004 2001.523 1999.137 1996.869 1994.744 1992.785 1991.013 1989.445 1988.096 1986.977 1986.094 1985.448 1985.036 1984.849 1984.872 1985.085 1985.461 1985.967 1986.568 1987.221 1987.881 1988.5 1989.028 1989.416 1989.614 1989.575 1989.257 1988.623 1987.641 1986.287 1984.547 1982.413 1979.891 1976.992 1973.738 1970.163 1966.304 1962.21
2027.466 2028.056 2028.739 2029.489 2030.276 2031.067 2031.83 2032.534 2033.148 2033.642 2033.989 2034.167 2034.154 2033.934 2033.494 2032.826 2031.926 2030.794 2029.435 2027.855 2026.067 2024.084 2021.925 2019.61 2017.16 2014.6 2011.954 2009.248 2006.509 2003.765 2001.043 1998.369 1995.77 1993.272 1990.899 1988.675 1986.619 1984.753 1983.091 1981.647 1980.431 1979.449 1978.702 1978.186 1977.894 1977.81 1977.917 1978.188 1978.593 1979.098 1979.663 1980.244 1980.795 1981.269 1981.618 1981.793 1981.751 1981.449 1980.85 1979.924 1978.647 1977.004 1974.988 1972.6 1969.854 1966.77 1963.376 1959.712 1955.821
2030.868 2031.189 2031.591 2032.047 2032.526 2032.999 2033.432 2033.795 2034.057 2034.191 2034.172 2033.977 2033.588 2032.99 2032.175 2031.135 2029.869 2028.38 2026.674 2024.761 2022.655 2020.371 2017.929 2015.35 2012.655 2009.87 2007.019 2004.127 2001.22 1998.325 1995.467 1992.671 1989.962 1987.364 1984.898 1982.587 1980.45 1978.503 1976.762 1975.239 1973.942 1972.878 1972.047 1971.445 1971.065 1970.894 1970.913 1971.099 1971.423 1971.852 1972.348 1972.87 1973.374 1973.815 1974.145 1974.319 1974.293 1974.027 1973.485 1972.635 1971.456 1969.93 1968.049 1965.817 1963.242 1960.343 1957.149 1953.694 1950.022
2034.272 2034.317 2034.431 2034.585 2034.751 2034.896 2034.99 2035.003 2034.905 2034.671 2034.276 2033.7 2032.928 2031.946 2030.749 2029.332 2027.697 2025.848 2023.795 2021.549 2019.126 2016.543 2013.822 2010.983 2008.05 2005.047 2001.998 1998.928 1995.863 1992.827 1989.845 1986.938 1984.132 1981.446 1978.902 1976.518 1974.313 1972.301 1970.497 1968.911 1967.551 1966.421 1965.523 1964.854 1964.406 1964.166 1964.117 1964.238 1964.501 1964.874 1965.323 1965.808 1966.286 1966.713 1967.046 1967.24 1967.253 1967.043 1966.578 1965.825 1964.762 1963.372 1961.647 1959.587 1957.201 1954.505 1951.525 1948.294 1944.853
2037.654 2037.42 2037.24 2037.087 2036.931 2036.743 2036.491 2036.146 2035.681 2035.07 2034.293 2033.331 2032.169 2030.8 2029.218 2027.422 2025.416 2023.207 2020.807 2018.23 2015.494 2012.618 2009.622 2006.531 2003.367 2000.155 1996.918 1993.682 1990.47 1987.304 1984.209 1981.205 1978.314 1975.554 1972.946 1970.504 1968.246 1966.186 1964.334 1962.701 1961.294 1960.117 1959.171 1958.453 1957.955 1957.665 1957.569 1957.645 1957.867 1958.206 1958.628 1959.096 1959.569 1960.006 1960.363 1960.597 1960.668 1960.536 1960.167 1959.531 1958.604 1957.369 1955.817 1953.946 1951.764 1949.286 1946.535 1943.542 1940.343
2040.996 2040.48 2040.003 2039.538 2039.056 2038.528 2037.924 2037.217 2036.379 2035.387 2034.223 2032.87 2031.318 2029.558 2027.589 2025.414 2023.038 2020.472 2017.729 2014.826 2011.782 2008.618 2005.357 2002.022 1998.636 1995.225 1991.812 1988.42 1985.073 1981.791 1978.597 1975.509 1972.546 1969.727 1967.068 1964.584 1962.288 1960.194 1958.311 1956.648 1955.211 1954.004 1953.027 1952.277 1951.748 1951.428 1951.303 1951.354 1951.556 1951.881 1952.297 1952.769 1953.258 1953.724 1954.125 1954.421 1954.57 1954.535 1954.282 1953.781 1953.008 1951.945 1950.582 1948.917 1946.954 1944.707 1942.197 1939.453 1936.508
2044.284 2043.485 2042.709 2041.93 2041.12 2040.249 2039.29 2038.216 2037.002 2035.627 2034.073 2032.328 2030.383 2028.233 2025.879 2023.326 2020.584 2017.664 2014.583 2011.36 2008.016 2004.574 2001.056 1997.487 1993.891 1990.293 1986.715 1983.181 1979.711 1976.326 1973.045 1969.887 1966.868 1964.004 1961.308 1958.795 1956.477 1954.364 1952.464 1950.787 1949.336 1948.115 1947.124 1946.36 1945.817 1945.486 1945.351 1945.395 1945.596 1945.926 1946.356 1946.852 1947.376 1947.891 1948.357 1948.732 1948.979 1949.059 1948.94 1948.591 1947.988 1947.113 1945.954 1944.507 1942.777 1940.774 1938.517 1936.031 1933.349
2047.509 2046.428 2045.354 2044.261 2043.121 2041.907 2040.591 2039.149 2037.558 2035.799 2033.856 2031.719 2029.382 2026.844 2024.108 2021.182 2018.078 2014.811 2011.4 2007.865 2004.23 2000.518 1996.754 1992.963 1989.169 1985.396 1981.666 1978.002 1974.423 1970.948 1967.596 1964.38 1961.318 1958.422 1955.704 1953.177 1950.849 1948.731 1946.83 1945.152 1943.702 1942.483 1941.493 1940.732 1940.192 1939.865 1939.738 1939.793 1940.01 1940.364 1940.826 1941.363 1941.941 1942.523 1943.07 1943.543 1943.904 1944.116 1944.147 1943.965 1943.547 1942.874 1941.932 1940.717 1939.231 1937.482 1935.487 1933.269 1930.858
2050.663 2049.305 2047.936 2046.531 2045.063 2043.507 2041.836 2040.028 2038.061 2035.919 2033.59 2031.064 2028.339 2025.417 2022.304 2019.011 2015.552 2011.946 2008.213 2004.376 2000.46 1996.49 1992.492 1988.491 1984.511 1980.575 1976.707 1972.926 1969.251 1965.7 1962.288 1959.029 1955.936 1953.021 1950.294 1947.765 1945.441 1943.331 1941.441 1939.777 1938.341 1937.136 1936.163 1935.418 1934.896 1934.589 1934.484 1934.567 1934.816 1935.209 1935.719 1936.315 1936.963 1937.627 1938.271 1938.857 1939.348 1939.706 1939.9 1939.899 1939.679 1939.219 1938.506 1937.533 1936.3 1934.814 1933.089 1931.147 1929.013
2053.742 2052.113 2050.455 2048.743 2046.952 2045.058 2043.037 2040.866 2038.528 2036.008 2033.296 2030.387 2027.28 2023.981 2020.498 2016.846 2013.041 2009.105 2005.06 2000.932 1996.747 1992.531 1988.311 1984.112 1979.959 1975.875 1971.88 1967.996 1964.238 1960.623 1957.164 1953.874 1950.763 1947.84 1945.115 1942.595 1940.287 1938.196 1936.329 1934.689 1933.279 1932.102 1931.156 1930.44 1929.949 1929.674 1929.606 1929.729 1930.024 1930.471 1931.043 1931.71 1932.442 1933.203 1933.958 1934.67 1935.302 1935.819 1936.188 1936.379 1936.367 1936.13 1935.655 1934.932 1933.96 1932.745 1931.297 1929.635 1927.784
2056.742 2054.852 2052.913 2050.902 2048.796 2046.571 2044.206 2041.68 2038.977 2036.086 2033 2029.715 2026.234 2022.566 2018.723 2014.721 2010.581 2006.326 2001.982 1997.574 1993.132 1988.683 1984.253 1979.87 1975.557 1971.337 1967.229 1963.254 1959.425 1955.758 1952.264 1948.953 1945.834 1942.915 1940.202 1937.702 1935.418 1933.357 1931.522 1929.916 1928.542 1927.401 1926.493 1925.816 1925.366 1925.135 1925.114 1925.289 1925.642 1926.153 1926.798 1927.549 1928.376 1929.245 1930.121 1930.969 1931.753 1932.438 1932.992 1933.383 1933.586 1933.58 1933.349 1932.883 1932.179 1931.238 1930.073 1928.697 1927.133
2059.661 2057.521 2055.313 2053.014 2050.603 2048.058 2045.358 2042.487 2039.43 2036.177 2032.726 2029.075 2025.232 2021.206 2017.014 2012.675 2008.212 2003.65 1999.018 1994.345 1989.659 1984.989 1980.364 1975.809 1971.348 1967.004 1962.796 1958.741 1954.853 1951.145 1947.626 1944.304 1941.187 1938.28 1935.588 1933.115 1930.865 1928.84 1927.044 1925.48 1924.149 1923.053 1922.191 1921.561 1921.16 1920.981 1921.015 1921.25 1921.669 1922.254 1922.981 1923.824 1924.754 1925.739 1926.744 1927.736 1928.68 1929.539 1930.283 1930.88 1931.305 1931.535 1931.553 1931.348 1930.915 1930.254 1929.373 1928.287 1927.013
2062.494 2060.119 2057.656 2055.084 2052.382 2049.529 2046.508 2043.303 2039.904 2036.303 2032.5 2028.497 2024.303 2019.933 2015.405 2010.742 2005.969 2001.115 1996.21 1991.284 1986.367 1981.491 1976.683 1971.97 1967.374 1962.919 1958.622 1954.498 1950.561 1946.821 1943.285 1939.962 1936.854 1933.967 1931.302 1928.863 1926.651 1924.669 1922.918 1921.401 1920.118 1919.072 1918.26 1917.683 1917.337 1917.215 1917.311 1917.611 1918.103 1918.767 1919.582 1920.522 1921.561 1922.667 1923.807 1924.948 1926.054 1927.093 1928.031 1928.838 1929.487 1929.955 1930.225 1930.283 1930.123 1929.744 1929.151 1928.356 1927.376
2065.235 2062.644 2059.943 2057.114 2054.136 2050.992 2047.666 2044.144 2040.418 2036.484 2032.344 2028.003 2023.475 2018.776 2013.928 2008.956 2003.889 1998.757 1993.593 1988.43 1983.298 1978.229 1973.251 1968.392 1963.674 1959.119 1954.743 1950.56 1946.583 1942.82 1939.276 1935.957 1932.865 1930.002 1927.37 1924.968 1922.799 1920.863 1919.161 1917.693 1916.462 1915.468 1914.711 1914.189 1913.9 1913.839 1913.999 1914.368 1914.935 1915.681 1916.587 1917.628 1918.778 1920.007 1921.284 1922.575 1923.847 1925.065 1926.198 1927.215 1928.089 1928.796 1929.318 1929.64 1929.753 1929.657 1929.353 1928.851 1928.166
2067.877 2065.089 2062.171 2059.104 2055.87 2052.454 2048.841 2045.02 2040.986 2036.737 2032.277 2027.618 2022.772 2017.762 2012.611 2007.347 2002.003 1996.61 1991.203 1985.817 1980.485 1975.237 1970.104 1965.111 1960.283 1955.638 1951.193 1946.961 1942.952 1939.172 1935.626 1932.317 1929.245 1926.41 1923.813 1921.452 1919.327 1917.439 1915.786 1914.369 1913.19 1912.249 1911.546 1911.08 1910.849 1910.849 1911.073 1911.513 1912.154 1912.983 1913.979 1915.121 1916.382 1917.734 1919.147 1920.587 1922.022 1923.419 1924.746 1925.971 1927.068 1928.013 1928.784 1929.369 1929.755 1929.94 1929.925 1929.718 1929.329
2070.407 2067.446 2064.332 2061.049 2057.582 2053.914 2050.036 2045.937 2041.616 2037.073 2032.315 2027.356 2022.214 2016.912 2011.477 2005.941 2000.337 1994.701 1989.069 1983.477 1977.958 1972.546 1967.271 1962.158 1957.23 1952.506 1948.001 1943.728 1939.693 1935.903 1932.359 1929.063 1926.014 1923.21 1920.649 1918.329 1916.249 1914.407 1912.802 1911.436 1910.308 1909.418 1908.767 1908.355 1908.18 1908.239 1908.525 1909.032 1909.746 1910.655 1911.74 1912.979 1914.348 1915.82 1917.364 1918.951 1920.546 1922.117 1923.633 1925.063 1926.379 1927.557 1928.575 1929.419 1930.076 1930.541 1930.814 1930.9 1930.81
2072.812 2069.701 2066.416 2062.942 2059.264 2055.371 2051.25 2046.898 2042.313 2037.498 2032.466 2027.23 2021.813 2016.241 2010.544 2004.755 1998.912 1993.052 1987.213 1981.431 1975.743 1970.182 1964.778 1959.556 1954.54 1949.746 1945.191 1940.883 1936.828 1933.032 1929.494 1926.214 1923.189 1920.415 1917.89 1915.61 1913.572 1911.775 1910.216 1908.896 1907.815 1906.973 1906.371 1906.009 1905.885 1905.998 1906.343 1906.912 1907.694 1908.678 1909.846 1911.177 1912.648 1914.234 1915.905 1917.631 1919.38 1921.119 1922.818 1924.447 1925.976 1927.382 1928.642 1929.74 1930.664 1931.407 1931.966 1932.345 1932.553
2075.072 2071.837 2068.407 2064.768 2060.907 2056.813 2052.477 2047.897 2043.074 2038.014 2032.732 2027.244 2021.577 2015.758 2009.822 2003.804 1997.743 1991.678 1985.651 1979.698 1973.857 1968.162 1962.642 1957.325 1952.23 1947.377 1942.778 1938.441 1934.373 1930.574 1927.044 1923.78 1920.779 1918.035 1915.544 1913.301 1911.302 1909.545 1908.028 1906.749 1905.71 1904.91 1904.351 1904.032 1903.955 1904.115 1904.511 1905.136 1905.98 1907.031 1908.274 1909.69 1911.256 1912.947 1914.736 1916.593 1918.487 1920.387 1922.261 1924.08 1925.815 1927.441 1928.937 1930.285 1931.471 1932.487 1933.331 1934.002 1934.509
2077.163 2073.832 2070.285 2066.508 2062.492 2058.225 2053.702 2048.923 2043.889 2038.613 2033.108 2027.396 2021.505 2015.466 2009.315 2003.091 1996.834 1990.588 1984.392 1978.287 1972.311 1966.497 1960.876 1955.475 1950.314 1945.409 1940.774 1936.414 1932.335 1928.536 1925.015 1921.769 1918.79 1916.073 1913.613 1911.403 1909.439 1907.717 1906.234 1904.991 1903.987 1903.222 1902.698 1902.416 1902.375 1902.576 1903.014 1903.686 1904.582 1905.692 1907.001 1908.491 1910.142 1911.929 1913.826 1915.804 1917.834 1919.883 1921.923 1923.922 1925.854 1927.693 1929.417 1931.008 1932.451 1933.737 1934.862 1935.825 1936.631
2079.059 2075.659 2072.023 2068.139 2063.996 2059.587 2054.907 2049.958 2044.745 2039.28 2033.582 2027.675 2021.589 2015.357 2009.018 2002.614 1996.186 1989.78 1983.438 1977.201 1971.107 1965.191 1959.484 1954.011 1948.793 1943.847 1939.182 1934.805 1930.719 1926.922 1923.411 1920.18 1917.222 1914.53 1912.096 1909.913 1907.978 1906.284 1904.83 1903.614 1902.636 1901.898 1901.4 1901.145 1901.133 1901.363 1901.835 1902.543 1903.481 1904.638 1906.002 1907.556 1909.28 1911.152 1913.145 1915.233 1917.385 1919.574 1921.767 1923.937 1926.056 1928.098 1930.042 1931.868 1933.562 1935.114 1936.517 1937.77 1938.877
2080.728 2077.288 2073.592 2069.63 2065.391 2060.871 2056.065 2050.978 2045.616 2039.996 2034.136 2028.065 2021.813 2015.418 2008.92 2002.362 1995.79 1989.249 1982.783 1976.434 1970.241 1964.24 1958.462 1952.931 1947.668 1942.687 1938 1933.611 1929.521 1925.728 1922.227 1919.01 1916.07 1913.398 1910.985 1908.825 1906.911 1905.238 1903.804 1902.607 1901.647 1900.926 1900.445 1900.206 1900.211 1900.461 1900.954 1901.688 1902.655 1903.849 1905.255 1906.86 1908.645 1910.588 1912.665 1914.849 1917.112 1919.426 1921.762 1924.091 1926.386 1928.621 1930.776 1932.83 1934.769 1936.581 1938.26 1939.802 1941.209
2082.137 2078.684 2074.958 2070.948 2066.645 2062.044 2057.146 2051.953 2046.477 2040.733 2034.745 2028.541 2022.156 2015.628 2009.001 2002.319 1995.63 1988.979 1982.413 1975.974 1969.703 1963.635 1957.8 1952.224 1946.927 1941.923 1937.221 1932.824 1928.734 1924.946 1921.454 1918.25 1915.324 1912.668 1910.271 1908.127 1906.227 1904.567 1903.145 1901.957 1901.006 1900.291 1899.816 1899.583 1899.594 1899.852 1900.354 1901.101 1902.086 1903.302 1904.738 1906.381 1908.212 1910.213 1912.359 1914.626 1916.987 1919.414 1921.879 1924.355 1926.814 1929.233 1931.59 1933.864 1936.042 1938.11 1940.06 1941.89 1943.599
2083.247 2079.81 2076.082 2072.054 2067.718 2063.071 2058.112 2052.848 2047.291 2041.459 2035.377 2029.075 2022.59 2015.962 2009.237 2002.461 1995.683 1988.949 1982.308 1975.803 1969.475 1963.358 1957.484 1951.878 1946.558 1941.539 1936.829 1932.431 1928.343 1924.562 1921.079 1917.886 1914.972 1912.327 1909.94 1907.805 1905.912 1904.257 1902.836 1901.649 1900.695 1899.977 1899.497 1899.259 1899.264 1899.517 1900.017 1900.763 1901.753 1902.978 1904.43 1906.097 1907.961 1910.005 1912.207 1914.542 1916.987 1919.513 1922.095 1924.705 1927.318 1929.91 1932.459 1934.946 1937.355 1939.674 1941.895 1944.011 1946.022
2084.019 2080.625 2076.925 2072.91 2068.573 2063.911 2058.926 2053.625 2048.023 2042.137 2035.996 2029.631 2023.081 2016.387 2009.597 2002.759 1995.921 1989.134 1982.445 1975.898 1969.533 1963.388 1957.492 1951.87 1946.541 1941.518 1936.808 1932.413 1928.332 1924.559 1921.085 1917.901 1914.995 1912.357 1909.975 1907.842 1905.948 1904.29 1902.863 1901.666 1900.7 1899.967 1899.471 1899.216 1899.204 1899.44 1899.925 1900.658 1901.638 1902.859 1904.313 1905.989 1907.872 1909.945 1912.188 1914.578 1917.092 1919.705 1922.39 1925.122 1927.877 1930.632 1933.364 1936.056 1938.691 1941.257 1943.744 1946.146 1948.461
2084.416 2081.09 2077.444 2073.471 2069.164 2064.521 2059.544 2054.242 2048.629 2042.727 2036.563 2030.172 2023.592 2016.868 2010.047 2003.179 1996.314 1989.502 1982.792 1976.228 1969.851 1963.698 1957.798 1952.177 1946.851 1941.834 1937.133 1932.749 1928.678 1924.915 1921.451 1918.275 1915.375 1912.739 1910.357 1908.219 1906.318 1904.648 1903.205 1901.99 1901.002 1900.245 1899.722 1899.438 1899.397 1899.604 1900.06 1900.768 1901.726 1902.929 1904.372 1906.043 1907.931 1910.019 1912.288 1914.719 1917.289 1919.974 1922.75 1925.593 1928.479 1931.386 1934.293 1937.183 1940.038 1942.846 1945.598 1948.285 1950.903
2084.396 2081.162 2077.599 2073.697 2069.451 2064.859 2059.924 2054.656 2049.069 2043.187 2037.037 2030.656 2024.084 2017.366 2010.549 2003.686 1996.826 1990.02 1983.318 1976.764 1970.399 1964.259 1958.375 1952.77 1947.463 1942.464 1937.781 1933.413 1929.358 1925.609 1922.155 1918.986 1916.089 1913.452 1911.065 1908.917 1907.001 1905.312 1903.845 1902.602 1901.583 1900.791 1900.231 1899.907 1899.827 1899.993 1900.41 1901.079 1902.002 1903.174 1904.592 1906.245 1908.124 1910.213 1912.496 1914.955 1917.567 1920.312 1923.167 1926.109 1929.116 1932.166 1935.24 1938.319 1941.389 1944.436 1947.449 1950.42 1953.344
2083.922 2080.804 2077.348 2073.546 2069.391 2064.882 2060.023 2054.823 2049.299 2043.473 2037.377 2031.044 2024.517 2017.841 2011.065 2004.241 1997.419 1990.652 1983.987 1977.47 1971.143 1965.039 1959.191 1953.621 1948.346 1943.378 1938.723 1934.38 1930.347 1926.614 1923.172 1920.01 1917.115 1914.474 1912.077 1909.914 1907.977 1906.262 1904.764 1903.485 1902.426 1901.59 1900.983 1900.61 1900.478 1900.593 1900.958 1901.578 1902.454 1903.583 1904.963 1906.586 1908.442 1910.52 1912.804 1915.277 1917.92 1920.713 1923.635 1926.666 1929.783 1932.968 1936.2 1939.464 1942.743 1946.025 1949.298 1952.553 1955.783
2082.959 2079.978 2076.654 2072.977 2068.943 2064.548 2059.798 2054.702 2049.277 2043.547 2037.54 2031.294 2024.85 2018.254 2011.556 2004.807 1998.059 1991.362 1984.766 1978.315 1972.05 1966.007 1960.215 1954.698 1949.472 1944.549 1939.932 1935.623 1931.617 1927.905 1924.478 1921.323 1918.429 1915.782 1913.372 1911.19 1909.227 1907.479 1905.943 1904.621 1903.513 1902.625 1901.962 1901.53 1901.338 1901.391 1901.695 1902.254 1903.071 1904.147 1905.477 1907.058 1908.88 1910.934 1913.207 1915.683 1918.345 1921.175 1924.155 1927.263 1930.483 1933.794 1937.178 1940.62 1944.104 1947.617 1951.147 1954.685 1958.222
2081.476 2078.652 2075.482 2071.957 2068.071 2063.822 2059.213 2054.256 2048.966 2043.367 2037.489 2031.368 2025.046 2018.569 2011.987 2005.349 1998.709 1992.116 1985.619 1979.263 1973.089 1967.13 1961.417 1955.972 1950.812 1945.947 1941.381 1937.114 1933.142 1929.457 1926.048 1922.902 1920.009 1917.354 1914.929 1912.723 1910.729 1908.944 1907.364 1905.992 1904.829 1903.881 1903.154 1902.655 1902.393 1902.376 1902.609 1903.098 1903.847 1904.857 1906.128 1907.656 1909.434 1911.454 1913.704 1916.173 1918.844 1921.701 1924.728 1927.907 1931.22 1934.65 1938.18 1941.794 1945.479 1949.22 1953.006 1956.825 1960.669
2079.447 2076.797 2073.802 2070.453 2066.743 2062.669 2058.235 2053.45 2048.332 2042.902 2037.19 2031.233 2025.072 2018.752 2012.322 2005.833 1999.336 1992.881 1986.516 1980.285 1974.228 1968.379 1962.767 1957.414 1952.337 1947.545 1943.042 1938.828 1934.898 1931.245 1927.857 1924.723 1921.831 1919.169 1916.726 1914.494 1912.467 1910.639 1909.011 1907.582 1906.358 1905.344 1904.546 1903.973 1903.635 1903.538 1903.692 1904.102 1904.775 1905.711 1906.913 1908.378 1910.102 1912.078 1914.298 1916.749 1919.42 1922.296 1925.362 1928.603 1932.002 1935.545 1939.214 1942.997 1946.878 1950.844 1954.883 1958.983 1963.134
2076.851 2074.392 2071.592 2068.442 2064.934 2061.064 2056.836 2052.257 2047.345 2042.121 2036.614 2030.859 2024.897 2018.773 2012.534 2006.23 1999.912 1993.629 1987.428 1981.352 1975.44 1969.727 1964.239 1958.999 1954.022 1949.318 1944.891 1940.74 1936.861 1933.246 1929.885 1926.765 1923.876 1921.206 1918.745 1916.486 1914.421 1912.548 1910.867 1909.378 1908.088 1907.002 1906.127 1905.474 1905.052 1904.87 1904.938 1905.262 1905.85 1906.705 1907.83 1909.225 1910.887 1912.811 1914.991 1917.417 1920.08 1922.967 1926.065 1929.361 1932.841 1936.49 1940.295 1944.241 1948.314 1952.503 1956.792 1961.171 1965.627
2073.676 2071.422 2068.836 2065.907 2062.625 2058.987 2054.995 2050.656 2045.985 2041.003 2035.738 2030.223 2024.499 2018.609 2012.598 2006.517 2000.414 1994.337 1988.332 1982.441 1976.703 1971.15 1965.809 1960.702 1955.844 1951.244 1946.906 1942.83 1939.01 1935.441 1932.11 1929.009 1926.125 1923.448 1920.969 1918.68 1916.577 1914.656 1912.918 1911.367 1910.006 1908.843 1907.888 1907.149 1906.639 1906.366 1906.341 1906.573 1907.07 1907.838 1908.879 1910.197 1911.79 1913.656 1915.789 1918.184 1920.832 1923.724 1926.848 1930.194 1933.749 1937.5 1941.435 1945.54 1949.802 1954.209 1958.747 1963.402 1968.161
2069.916 2067.881 2065.526 2062.838 2059.807 2056.428 2052.702 2048.634 2044.238 2039.533 2034.547 2029.31 2023.862 2018.243 2012.499 2006.677 2000.824 1994.987 1989.21 1983.534 1977.997 1972.63 1967.459 1962.506 1957.784 1953.304 1949.068 1945.078 1941.327 1937.81 1934.517 1931.437 1928.561 1925.879 1923.382 1921.064 1918.92 1916.95 1915.154 1913.536 1912.102 1910.859 1909.819 1908.991 1908.388 1908.019 1907.898 1908.034 1908.435 1909.109 1910.063 1911.298 1912.816 1914.618 1916.7 1919.059 1921.687 1924.578 1927.724 1931.114 1934.739 1938.588 1942.648 1946.909 1951.357 1955.979 1960.762 1965.69 1970.748
2065.574 2063.771 2061.662 2059.235 2056.477 2053.384 2049.951 2046.186 2042.098 2037.706 2033.034 2028.112 2022.976 2017.666 2012.225 2006.698 2001.129 1995.565 1990.048 1984.617 1979.308 1974.152 1969.174 1964.395 1959.828 1955.483 1951.363 1947.469 1943.797 1940.34 1937.089 1934.036 1931.171 1928.485 1925.971 1923.624 1921.44 1919.419 1917.562 1915.876 1914.366 1913.042 1911.914 1910.994 1910.294 1909.828 1909.606 1909.641 1909.943 1910.521 1911.382 1912.531 1913.971 1915.705 1917.732 1920.049 1922.654 1925.54 1928.703 1932.134 1935.826 1939.768 1943.951 1948.363 1952.993 1957.826 1962.849 1968.046 1973.4
2060.665 2059.103 2057.256 2055.107 2052.645 2049.861 2046.751 2043.317 2039.57 2035.524 2031.201 2026.629 2021.842 2016.877 2011.774 2006.576 2001.326 1996.068 1990.84 1985.683 1980.629 1975.708 1970.945 1966.36 1961.965 1957.77 1953.78 1949.993 1946.408 1943.018 1939.816 1936.794 1933.942 1931.255 1928.726 1926.349 1924.125 1922.053 1920.136 1918.38 1916.793 1915.385 1914.167 1913.153 1912.355 1911.787 1911.463 1911.396 1911.596 1912.075 1912.84 1913.9 1915.26 1916.923 1918.891 1921.165 1923.743 1926.622 1929.799 1933.268 1937.023 1941.055 1945.357 1949.917 1954.723 1959.763 1965.022 1970.482 1976.125
2055.208 2053.898 2052.326 2050.474 2048.328 2045.876 2043.114 2040.041 2036.665 2032.997 2029.057 2024.87 2020.466 2015.881 2011.15 2006.315 2001.417 1996.494 1991.587 1986.73 1981.956 1977.294 1972.768 1968.394 1964.189 1960.159 1956.309 1952.641 1949.152 1945.836 1942.688 1939.701 1936.867 1934.181 1931.637 1929.233 1926.968 1924.844 1922.866 1921.04 1919.375 1917.882 1916.573 1915.463 1914.566 1913.897 1913.469 1913.297 1913.394 1913.772 1914.441 1915.411 1916.688 1918.278 1920.187 1922.415 1924.964 1927.834 1931.023 1934.528 1938.343 1942.462 1946.878 1951.582 1956.561 1961.802 1967.29 1973.007 1978.932
2049.237 2048.187 2046.902 2045.363 2043.551 2041.455 2039.066 2036.381 2033.405 2030.146 2026.621 2022.851 2018.864 2014.691 2010.366 2005.926 2001.409 1996.852 1992.292 1987.762 1983.293 1978.912 1974.641 1970.498 1966.496 1962.645 1958.949 1955.409 1952.023 1948.789 1945.7 1942.752 1939.939 1937.255 1934.699 1932.268 1929.963 1927.788 1925.748 1923.851 1922.107 1920.529 1919.129 1917.923 1916.926 1916.153 1915.621 1915.345 1915.338 1915.615 1916.187 1917.066 1918.26 1919.778 1921.625 1923.807 1926.327 1929.186 1932.386 1935.923 1939.796 1944 1948.527 1953.37 1958.516 1963.952 1969.663 1975.628 1981.824
2042.79 2042.01 2041.024 2039.811 2038.353 2036.633 2034.64 2032.369 2029.82 2026.999 2023.919 2020.597 2017.057 2013.328 2009.439 2005.423 2001.317 1997.153 1992.966 1988.787 1984.645 1980.565 1976.569 1972.672 1968.89 1965.229 1961.697 1958.294 1955.02 1951.872 1948.848 1945.943 1943.152 1940.474 1937.906 1935.449 1933.105 1930.879 1928.777 1926.809 1924.987 1923.323 1921.831 1920.529 1919.432 1918.557 1917.92 1917.539 1917.429 1917.605 1918.081 1918.869 1919.981 1921.426 1923.213 1925.349 1927.839 1930.687 1933.895 1937.464 1941.393 1945.677 1950.312 1955.288 1960.596 1966.22 1972.144 1978.347 1984.805
2035.919 2035.414 2034.738 2033.866 2032.777 2031.453 2029.878 2028.044 2025.948 2023.592 2020.984 2018.139 2015.076 2011.818 2008.393 2004.83 2001.16 1997.415 1993.625 1989.82 1986.025 1982.264 1978.558 1974.924 1971.373 1967.915 1964.555 1961.297 1958.141 1955.086 1952.13 1949.271 1946.506 1943.834 1941.256 1938.773 1936.39 1934.113 1931.95 1929.911 1928.01 1926.26 1924.677 1923.279 1922.082 1921.105 1920.365 1919.88 1919.668 1919.744 1920.124 1920.823 1921.853 1923.227 1924.954 1927.044 1929.505 1932.341 1935.558 1939.157 1943.139 1947.501 1952.238 1957.343 1962.805 1968.609 1974.737 1981.167 1987.872
2028.682 2028.459 2028.101 2027.582 2026.878 2025.966 2024.829 2023.454 2021.833 2019.966 2017.857 2015.514 2012.953 2010.194 2007.258 2004.172 2000.963 1997.659 1994.288 1990.875 1987.445 1984.021 1980.621 1977.26 1973.952 1970.706 1967.528 1964.421 1961.389 1958.43 1955.546 1952.735 1949.997 1947.333 1944.746 1942.238 1939.816 1937.488 1935.263 1933.154 1931.174 1929.339 1927.665 1926.171 1924.875 1923.796 1922.954 1922.367 1922.053 1922.031 1922.318 1922.929 1923.88 1925.183 1926.852 1928.898 1931.329 1934.155 1937.379 1941.007 1945.039 1949.475 1954.31 1959.538 1965.145 1971.119 1977.44 1984.083 1991.021
2021.144 2021.208 2021.177 2021.022 2020.715 2020.231 2019.548 2018.651 2017.528 2016.171 2014.582 2012.764 2010.729 2008.49 2006.067 2003.48 2000.753 1997.91 1994.975 1991.972 1988.923 1985.849 1982.767 1979.692 1976.636 1973.61 1970.619 1967.67 1964.765 1961.907 1959.096 1956.336 1953.626 1950.971 1948.375 1945.842 1943.381 1941.002 1938.715 1936.535 1934.476 1932.556 1930.791 1929.202 1927.808 1926.629 1925.685 1924.997 1924.585 1924.466 1924.661 1925.187 1926.06 1927.296 1928.909 1930.911 1933.314 1936.128 1939.36 1943.015 1947.095 1951.601 1956.528 1961.87 1967.615 1973.748 1980.248 1987.09 1994.244
2013.378 2013.734 2014.036 2014.253 2014.354 2014.311 2014.099 2013.696 2013.086 2012.259 2011.209 2009.936 2008.446 2006.748 2004.856 2002.786 2000.558 1998.192 1995.71 1993.131 1990.476 1987.763 1985.009 1982.229 1979.433 1976.633 1973.835 1971.047 1968.273 1965.517 1962.783 1960.073 1957.393 1954.747 1952.141 1949.583 1947.083 1944.652 1942.304 1940.052 1937.915 1935.909 1934.054 1932.37 1930.879 1929.601 1928.557 1927.77 1927.26 1927.048 1927.153 1927.596 1928.394 1929.564 1931.122 1933.083 1935.459 1938.262 1941.5 1945.18 1949.306 1953.876 1958.89 1964.338 1970.21 1976.49 1983.155 1990.178 1997.529
2005.465 2006.114 2006.753 2007.349 2007.868 2008.276 2008.545 2008.649 2008.568 2008.285 2007.79 2007.078 2006.149 2005.007 2003.661 2002.124 2000.409 1998.534 1996.516 1994.373 1992.121 1989.779 1987.361 1984.881 1982.351 1979.782 1977.181 1974.557 1971.916 1969.264 1966.606 1963.948 1961.297 1958.659 1956.044 1953.46 1950.921 1948.438 1946.026 1943.703 1941.487 1939.395 1937.45 1935.673 1934.085 1932.708 1931.566 1930.682 1930.076 1929.772 1929.791 1930.153 1930.878 1931.984 1933.49 1935.411 1937.761 1940.553 1943.797 1947.5 1951.666 1956.297 1961.389 1966.934 1972.922 1979.334 1986.148 1993.336 2000.862
1997.487 1998.43 1999.41 2000.389 2001.331 2002.197 2002.956 2003.577 2004.035 2004.307 2004.378 2004.239 2003.883 2003.309 2002.521 2001.527 2000.336 1998.961 1997.416 1995.716 1993.876 1991.91 1989.833 1987.659 1985.398 1983.062 1980.66 1978.202 1975.694 1973.147 1970.565 1967.959 1965.336 1962.707 1960.081 1957.471 1954.89 1952.355 1949.88 1947.485 1945.189 1943.012 1940.977 1939.105 1937.421 1935.948 1934.709 1933.728 1933.03 1932.636 1932.57 1932.853 1933.508 1934.553 1936.008 1937.891 1940.215 1942.996 1946.244 1949.967 1954.17 1958.854 1964.016 1969.649 1975.74 1982.27 1989.215 1996.546 2004.226
1989.533 1990.769 1992.089 1993.453 1994.82 1996.149 1997.403 1998.546 1999.549 2000.383 2001.028 2001.468 2001.692 2001.694 2001.471 2001.027 2000.366 1999.497 1998.431 1997.178 1995.753 1994.168 1992.435 1990.568 1988.578 1986.476 1984.274 1981.982 1979.609 1977.165 1974.66 1972.104 1969.509 1966.887 1964.25 1961.612 1958.99 1956.4 1953.861 1951.393 1949.017 1946.755 1944.629 1942.664 1940.885 1939.315 1937.98 1936.905 1936.114 1935.633 1935.484 1935.692 1936.278 1937.264 1938.671 1940.515 1942.815 1945.583 1948.833 1952.573 1956.807 1961.538 1966.762 1972.47 1978.65 1985.282 1992.34 1999.793 2007.602
1981.691 1983.217 1984.875 1986.622 1988.414 1990.206 1991.955 1993.623 1995.171 1996.57 1997.792 1998.814 1999.621 2000.201 2000.546 2000.653 2000.525 2000.164 1999.578 1998.775 1997.765 1996.561 1995.173 1993.613 1991.893 1990.026 1988.024 1985.896 1983.656 1981.315 1978.886 1976.38 1973.812 1971.195 1968.545 1965.879 1963.214 1960.57 1957.966 1955.424 1952.967 1950.618 1948.402 1946.344 1944.469 1942.804 1941.374 1940.206 1939.325 1938.757 1938.528 1938.661 1939.181 1940.11 1941.468 1943.275 1945.55 1948.305 1951.555 1955.307 1959.567 1964.336 1969.611 1975.383 1981.637 1988.353 1995.503 2003.055 2010.969
1974.051 1975.861 1977.852 1979.978 1982.191 1984.441 1986.682 1988.87 1990.963 1992.923 1994.719 1996.321 1997.709 1998.865 1999.775 2000.433 2000.834 2000.979 2000.871 2000.515 1999.919 1999.094 1998.048 1996.794 1995.343 1993.709 1991.903 1989.94 1987.831 1985.592 1983.237 1980.78 1978.237 1975.625 1972.962 1970.266 1967.557 1964.857 1962.187 1959.571 1957.033 1954.597 1952.291 1950.139 1948.169 1946.408 1944.884 1943.623 1942.653 1942.001 1941.692 1941.753 1942.208 1943.08 1944.391 1946.161 1948.409 1951.15 1954.395 1958.155 1962.434 1967.234 1972.549 1978.37 1984.682 1991.463 1998.684 2006.312 2014.302
1966.703 1968.788 1971.104 1973.6 1976.225 1978.925 1981.651 1984.351 1986.98 1989.494 1991.855 1994.031 1995.992 1997.716 1999.185 2000.386 2001.311 2001.955 2002.319 2002.405 2002.218 2001.767 2001.059 2000.107 1998.922 1997.517 1995.906 1994.104 1992.126 1989.987 1987.704 1985.294 1982.776 1980.168 1977.49 1974.764 1972.011 1969.255 1966.518 1963.827 1961.207 1958.684 1956.286 1954.041 1951.976 1950.12 1948.501 1947.149 1946.09 1945.354 1944.967 1944.957 1945.347 1946.163 1947.427 1949.16 1951.38 1954.103 1957.341 1961.103 1965.393 1970.213 1975.556 1981.412 1987.765 1994.592 2001.862 2009.539 2017.579
1959.732 1962.083 1964.711 1967.565 1970.589 1973.727 1976.923 1980.122 1983.273 1986.328 1989.243 1991.978 1994.5 1996.78 1998.796 2000.529 2001.967 2003.101 2003.927 2004.446 2004.66 2004.575 2004.199 2003.543 2002.619 2001.439 2000.02 1998.377 1996.526 1994.485 1992.274 1989.911 1987.416 1984.812 1982.12 1979.363 1976.566 1973.753 1970.95 1968.183 1965.481 1962.871 1960.381 1958.042 1955.882 1953.93 1952.218 1950.774 1949.627 1948.808 1948.343 1948.261 1948.588 1949.348 1950.564 1952.258 1954.448 1957.15 1960.375 1964.132 1968.426 1973.255 1978.613 1984.49 1990.865 1997.717 2005.012 2012.712 2020.773
1953.222 1955.823 1958.748 1961.943 1965.35 1968.907 1972.556 1976.236 1979.891 1983.468 1986.916 1990.193 1993.258 1996.077 1998.622 2000.871 2002.807 2004.417 2005.693 2006.632 2007.236 2007.508 2007.456 2007.089 2006.419 2005.461 2004.229 2002.741 2001.016 1999.072 1996.931 1994.615 1992.144 1989.544 1986.838 1984.051 1981.209 1978.34 1975.47 1972.629 1969.844 1967.147 1964.565 1962.132 1959.876 1957.829 1956.022 1954.487 1953.252 1952.349 1951.807 1951.654 1951.916 1952.619 1953.787 1955.44 1957.597 1960.273 1963.48 1967.225 1971.513 1976.34 1981.7 1987.58 1993.96 2000.814 2008.11 2015.808 2023.861
1947.25 1950.082 1953.285 1956.801 1960.568 1964.523 1968.601 1972.738 1976.873 1980.947 1984.906 1988.7 1992.284 1995.619 1998.673 2001.418 2003.831 2005.898 2007.608 2008.953 2009.934 2010.551 2010.812 2010.726 2010.303 2009.56 2008.511 2007.176 2005.575 2003.727 2001.657 1999.386 1996.941 1994.345 1991.626 1988.81 1985.926 1983.002 1980.066 1977.151 1974.284 1971.499 1968.826 1966.298 1963.947 1961.805 1959.904 1958.276 1956.953 1955.967 1955.346 1955.121 1955.318 1955.963 1957.079 1958.689 1960.809 1963.454 1966.637 1970.362 1974.633 1979.446 1984.793 1990.66 1997.025 2003.86 2011.133 2018.801 2026.815
1941.884 1944.928 1948.386 1952.198 1956.299 1960.623 1965.101 1969.666 1974.251 1978.793 1983.232 1987.515 1991.59 1995.414 1998.949 2002.164 2005.033 2007.536 2009.658 2011.392 2012.733 2013.682 2014.245 2014.429 2014.246 2013.712 2012.843 2011.657 2010.178 2008.426 2006.426 2004.204 2001.784 1999.196 1996.466 1993.624 1990.699 1987.721 1984.722 1981.733 1978.786 1975.915 1973.151 1970.529 1968.082 1965.843 1963.848 1962.128 1960.716 1959.645 1958.945 1958.646 1958.777 1959.361 1960.425 1961.987 1964.065 1966.675 1969.825 1973.522 1977.765 1982.552 1987.871 1993.706 2000.036 2006.831 2014.055 2021.666 2029.613
1937.187 1940.418 1944.104 1948.183 1952.588 1957.248 1962.094 1967.051 1972.051 1977.026 1981.911 1986.647 1991.179 1995.46 1999.446 2003.102 2006.398 2009.312 2011.824 2013.926 2015.61 2016.875 2017.726 2018.17 2018.219 2017.887 2017.193 2016.155 2014.796 2013.14 2011.213 2009.04 2006.65 2004.072 2001.335 1998.469 1995.507 1992.479 1989.419 1986.359 1983.334 1980.377 1977.523 1974.807 1972.265 1969.931 1967.84 1966.027 1964.526 1963.369 1962.589 1962.215 1962.276 1962.798 1963.804 1965.315 1967.347 1969.914 1973.024 1976.682 1980.887 1985.633 1990.909 1996.696 2002.97 2009.701 2016.852 2024.379 2032.23
1933.21 1936.6 1940.484 1944.797 1949.47 1954.431 1959.604 1964.916 1970.291 1975.657 1980.948 1986.098 1991.05 1995.749 2000.151 2004.215 2007.908 2011.203 2014.081 2016.527 2018.534 2020.099 2021.224 2021.916 2022.188 2022.052 2021.528 2020.636 2019.398 2017.839 2015.986 2013.867 2011.51 2008.946 2006.206 2003.323 2000.327 1997.253 1994.136 1991.009 1987.907 1984.867 1981.925 1979.117 1976.48 1974.05 1971.864 1969.958 1968.365 1967.122 1966.259 1965.809 1965.798 1966.254 1967.199 1968.653 1970.633 1973.15 1976.212 1979.821 1983.975 1988.667 1993.883 1999.604 2005.803 2012.448 2019.501 2026.916 2034.643
1929.995 1933.514 1937.561 1942.071 1946.974 1952.193 1957.652 1963.273 1968.978 1974.692 1980.343 1985.863 1991.191 1996.269 2001.047 2005.482 2009.537 2013.184 2016.398 2019.164 2021.471 2023.317 2024.701 2025.63 2026.115 2026.169 2025.812 2025.063 2023.946 2022.487 2020.712 2018.651 2016.333 2013.789 2011.053 2008.156 2005.134 2002.019 1998.849 1995.659 1992.485 1989.366 1986.337 1983.439 1980.708 1978.183 1975.902 1973.901 1972.217 1970.886 1969.939 1969.409 1969.323 1969.709 1970.589 1971.982 1973.902 1976.362 1979.366 1982.916 1987.007 1991.631 1996.772 2002.407 2008.51 2015.047 2021.978 2029.257 2036.83
1927.57 1931.185 1935.359 1940.027 1945.115 1950.548 1956.245 1962.126 1968.112 1974.124 1980.087 1985.929 1991.586 1996.997 2002.109 2006.875 2011.256 2015.22 2018.74 2021.799 2024.384 2026.49 2028.118 2029.271 2029.96 2030.198 2030.004 2029.398 2028.404 2027.047 2025.355 2023.357 2021.084 2018.568 2015.842 2012.941 2009.898 2006.75 2003.533 2000.285 1997.044 1993.849 1990.738 1987.751 1984.928 1982.309 1979.933 1977.838 1976.062 1974.64 1973.608 1972.995 1972.832 1973.144 1973.954 1975.279 1977.133 1979.527 1982.464 1985.944 1989.96 1994.501 1999.55 2005.083 2011.071 2017.478 2024.263 2031.379 2038.773
1925.954 1929.629 1933.891 1938.673 1943.901 1949.498 1955.383 1961.473 1967.686 1973.943 1980.164 1986.277 1992.213 1997.909 2003.309 2008.364 2013.031 2017.275 2021.069 2024.393 2027.231 2029.578 2031.432 2032.796 2033.68 2034.097 2034.063 2033.6 2032.73 2031.479 2029.875 2027.948 2025.728 2023.248 2020.542 2017.643 2014.589 2011.415 2008.159 2004.86 2001.558 1998.291 1995.102 1992.03 1989.118 1986.407 1983.936 1981.747 1979.878 1978.366 1977.245 1976.548 1976.303 1976.537 1977.271 1978.522 1980.304 1982.624 1985.484 1988.882 1992.811 1997.255 2002.196 2007.609 2013.461 2019.718 2026.335 2033.264 2040.453
1925.151 1928.85 1933.158 1938.008 1943.327 1949.037 1955.055 1961.299 1967.684 1974.129 1980.554 1986.883 1993.045 1998.975 2004.615 2009.912 2014.824 2019.311 2023.345 2026.904 2029.971 2032.537 2034.6 2036.163 2037.232 2037.821 2037.945 2037.625 2036.882 2035.743 2034.234 2032.385 2030.228 2027.793 2025.116 2022.231 2019.174 2015.983 2012.697 2009.355 2005.998 2002.666 1999.403 1996.251 1993.253 1990.452 1987.889 1985.606 1983.644 1982.04 1980.829 1980.044 1979.715 1979.866 1980.52 1981.691 1983.392 1985.629 1988.403 1991.709 1995.537 1999.87 2004.688 2009.963 2015.663 2021.748 2028.175 2034.896 2041.856
1925.154 1928.838 1933.149 1938.021 1943.38 1949.149 1955.245 1961.585 1968.083 1974.658 1981.227 1987.715 1994.047 2000.159 2005.988 2011.483 2016.595 2021.287 2025.526 2029.289 2032.558 2035.322 2037.578 2039.325 2040.571 2041.327 2041.607 2041.43 2040.819 2039.796 2038.39 2036.629 2034.543 2032.164 2029.527 2026.666 2023.619 2020.422 2017.115 2013.738 2010.334 2006.946 2003.615 2000.388 1997.308 1994.419 1991.766 1989.391 1987.336 1985.639 1984.337 1983.463 1983.046 1983.11 1983.678 1984.763 1986.376 1988.522 1991.2 1994.402 1998.117 2002.326 2007.006 2012.127 2017.655 2023.55 2029.768 2036.258 2042.968
1925.944 1929.574 1933.844 1938.688 1944.036 1949.809 1955.925 1962.301 1968.853 1975.497 1982.152 1988.74 1995.186 2001.425 2007.393 2013.036 2018.305 2023.161 2027.57 2031.506 2034.951 2037.891 2040.321 2042.24 2043.654 2044.571 2045.005 2044.973 2044.497 2043.598 2042.302 2040.638 2038.635 2036.324 2033.739 2030.914 2027.887 2024.695 2021.378 2017.978 2014.536 2011.098 2007.708 2004.411 2001.254 1998.283 1995.542 1993.078 1990.93 1989.141 1987.747 1986.781 1986.273 1986.247 1986.723 1987.717 1989.235 1991.282 1993.853 1996.942 2000.532 2004.603 2009.131 2014.082 2019.422 2025.11 2031.099 2037.339 2043.778
1927.487 1931.024 1935.209 1939.978 1945.262 1950.983 1957.062 1963.415 1969.96 1976.612 1983.292 1989.92 1996.424 2002.734 2008.788 2014.531 2019.913 2024.893 2029.436 2033.514 2037.107 2040.201 2042.788 2044.866 2046.438 2047.511 2048.098 2048.213 2047.875 2047.106 2045.93 2044.373 2042.464 2040.233 2037.712 2034.937 2031.943 2028.768 2025.453 2022.04 2018.571 2015.092 2011.65 2008.291 2005.064 2002.015 1999.191 1996.639 1994.402 1992.521 1991.034 1989.975 1989.374 1989.254 1989.635 1990.53 1991.947 1993.886 1996.344 1999.308 2002.762 2006.683 2011.044 2015.812 2020.949 2026.412 2032.156 2038.129 2044.279
1929.742 1933.148 1937.204 1941.85 1947.017 1952.632 1958.615 1964.886 1971.363 1977.963 1984.607 1991.217 1997.719 2004.046 2010.135 2015.93 2021.38 2026.443 2031.084 2035.273 2038.988 2042.214 2044.94 2047.164 2048.885 2050.109 2050.846 2051.109 2050.915 2050.283 2049.235 2047.796 2045.992 2043.853 2041.41 2038.697 2035.75 2032.605 2029.305 2025.89 2022.405 2018.897 2015.412 2011.999 2008.708 2005.587 2002.686 2000.05 1997.726 1995.755 1994.176 1993.023 1992.326 1992.11 1992.391 1993.184 1994.493 1996.317 1998.651 2001.482 2004.789 2008.549 2012.732 2017.303 2022.222 2027.446 2032.929 2038.619 2044.465
1932.656 1935.893 1939.779 1944.254 1949.255 1954.708 1960.54 1966.67 1973.019 1979.507 1986.056 1992.589 1999.034 2005.324 2011.397 2017.195 2022.669 2027.776 2032.478 2036.747 2040.557 2043.893 2046.742 2049.097 2050.959 2052.329 2053.215 2053.627 2053.581 2053.092 2052.181 2050.869 2049.183 2047.149 2044.797 2042.16 2039.272 2036.172 2032.898 2029.495 2026.006 2022.479 2018.961 2015.504 2012.158 2008.973 2005.999 2003.285 2000.877 1998.818 1997.148 1995.902 1995.109 1994.794 1994.973 1995.657 1996.853 1998.556 2000.76 2003.447 2006.599 2010.187 2014.18 2018.541 2023.23 2028.203 2033.412 2038.806 2044.333
1936.166 1939.2 1942.874 1947.136 1951.921 1957.162 1962.786 1968.719 1974.883 1981.202 1987.598 1993.998 2000.331 2006.531 2012.536 2018.292 2023.747 2028.858 2033.588 2037.905 2041.785 2045.209 2048.162 2050.637 2052.629 2054.139 2055.172 2055.735 2055.84 2055.5 2054.734 2053.561 2052.003 2050.086 2047.838 2045.29 2042.476 2039.433 2036.2 2032.821 2029.341 2025.806 2022.268 2018.776 2015.384 2012.142 2009.103 2006.316 2003.829 2001.687 1999.929 1998.59 1997.701 1997.285 1997.359 1997.933 1999.01 2000.587 2002.652 2005.19 2008.176 2011.583 2015.376 2019.518 2023.966 2028.676 2033.599 2038.685 2043.883
1940.202 1943.001 1946.428 1950.433 1954.957 1959.936 1965.303 1970.985 1976.91 1983.003 1989.191 1995.404 2001.572 2007.631 2013.522 2019.19 2024.584 2029.662 2034.385 2038.722 2042.646 2046.136 2049.176 2051.757 2053.87 2055.515 2056.691 2057.405 2057.664 2057.479 2056.865 2055.839 2054.42 2052.632 2050.501 2048.055 2045.329 2042.357 2039.179 2035.838 2032.378 2028.849 2025.301 2021.786 2018.357 2015.068 2011.972 2009.12 2006.56 2004.338 2002.496 2001.067 2000.083 1999.566 1999.533 1999.994 2000.949 2002.394 2004.316 2006.696 2009.511 2012.728 2016.312 2020.225 2024.423 2028.861 2033.489 2038.258 2043.118
1944.691 1947.226 1950.372 1954.082 1958.303 1962.975 1968.036 1973.418 1979.052 1984.868 1990.797 1996.771 2002.725 2008.596 2014.327 2019.864 2025.158 2030.166 2034.85 2039.177 2043.12 2046.655 2049.766 2052.438 2054.663 2056.435 2057.752 2058.616 2059.031 2059.006 2058.55 2057.679 2056.409 2054.761 2052.758 2050.427 2047.801 2044.914 2041.804 2038.513 2035.089 2031.578 2028.032 2024.505 2021.052 2017.726 2014.581 2011.672 2009.046 2006.751 2004.828 2003.312 2002.235 2001.619 2001.479 2001.824 2002.654 2003.964 2005.738 2007.956 2010.591 2013.612 2016.981 2020.658 2024.598 2028.756 2033.082 2037.528 2042.043
1949.552 1951.798 1954.633 1958.015 1961.896 1966.221 1970.932 1975.968 1981.265 1986.756 1992.378 1998.067 2003.76 2009.399 2014.927 2020.293 2025.45 2030.354 2034.968 2039.258 2043.195 2046.755 2049.919 2052.669 2054.995 2056.887 2058.34 2059.352 2059.924 2060.061 2059.769 2059.06 2057.947 2056.448 2054.584 2052.38 2049.867 2047.077 2044.048 2040.822 2037.445 2033.965 2030.435 2026.909 2023.441 2020.089 2016.907 2013.949 2011.265 2008.903 2006.906 2005.308 2004.141 2003.427 2003.181 2003.41 2004.114 2005.285 2006.908 2008.959 2011.412 2014.231 2017.379 2020.813 2024.49 2028.361 2032.38 2036.498 2040.665
1954.705 1956.642 1959.141 1962.166 1965.673 1969.615 1973.939 1978.589 1983.506 1988.631 1993.903 1999.263 2004.654 2010.019 2015.305 2020.464 2025.448 2030.216 2034.73 2038.957 2042.865 2046.43 2049.63 2052.444 2054.859 2056.863 2058.446 2059.604 2060.332 2060.632 2060.508 2059.965 2059.016 2057.674 2055.959 2053.893 2051.503 2048.822 2045.887 2042.738 2039.422 2035.987 2032.485 2028.972 2025.503 2022.136 2018.927 2015.931 2013.198 2010.778 2008.712 2007.038 2005.785 2004.976 2004.626 2004.74 2005.318 2006.35 2007.818 2009.7 2011.965 2014.579 2017.501 2020.69 2024.098 2027.681 2031.389 2035.175 2038.993
1960.066 1961.678 1963.822 1966.466 1969.574 1973.103 1977.007 1981.236 1985.737 1990.457 1995.342 2000.336 2005.386 2010.441 2015.451 2020.368 2025.148 2029.75 2034.138 2038.276 2042.133 2045.683 2048.901 2051.765 2054.258 2056.364 2058.07 2059.368 2060.25 2060.713 2060.757 2060.385 2059.605 2058.427 2056.868 2054.947 2052.692 2050.131 2047.301 2044.242 2040.999 2037.622 2034.161 2030.674 2027.217 2023.848 2020.623 2017.599 2014.827 2012.357 2010.232 2008.487 2007.155 2006.255 2005.803 2005.805 2006.257 2007.149 2008.463 2010.173 2012.249 2014.655 2017.349 2020.289 2023.428 2026.719 2030.115 2033.57 2037.038
1965.555 1966.833 1968.607 1970.853 1973.539 1976.631 1980.088 1983.867 1987.923 1992.207 1996.672 2001.267 2005.945 2010.657 2015.358 2020.004 2024.551 2028.96 2033.195 2037.221 2041.006 2044.522 2047.741 2050.64 2053.198 2055.395 2057.217 2058.649 2059.68 2060.304 2060.516 2060.315 2059.706 2058.697 2057.3 2055.533 2053.42 2050.989 2048.275 2045.317 2042.16 2038.852 2035.446 2031.998 2028.565 2025.205 2021.977 2018.937 2016.137 2013.627 2011.451 2009.644 2008.238 2007.253 2006.704 2006.595 2006.924 2007.677 2008.837 2010.376 2012.262 2014.459 2016.924 2019.614 2022.482 2025.482 2028.568 2031.693 2034.813
1971.095 1972.033 1973.429 1975.264 1977.514 1980.151 1983.141 1986.448 1990.034 1993.857 1997.874 2002.044 2006.321 2010.664 2015.03 2019.376 2023.665 2027.857 2031.916 2035.808 2039.501 2042.963 2046.166 2049.085 2051.694 2053.971 2055.898 2057.455 2058.63 2059.41 2059.787 2059.757 2059.32 2058.481 2057.25 2055.642 2053.678 2051.385 2048.797 2045.95 2042.89 2039.663 2036.324 2032.928 2029.532 2026.196 2022.977 2019.932 2017.116 2014.576 2012.358 2010.498 2009.025 2007.962 2007.321 2007.106 2007.314 2007.931 2008.938 2010.306 2012.004 2013.992 2016.228 2018.669 2021.268 2023.979 2026.756 2029.554 2032.333
1976.611 1977.21 1978.225 1979.644 1981.449 1983.619 1986.128 1988.947 1992.045 1995.387 1998.937 2002.659 2006.514 2010.464 2014.471 2018.497 2022.505 2026.457 2030.32 2034.057 2037.637 2041.028 2044.199 2047.12 2049.766 2052.111 2054.131 2055.804 2057.113 2058.042 2058.579 2058.716 2058.45 2057.782 2056.718 2055.273 2053.463 2051.315 2048.86 2046.134 2043.18 2040.047 2036.787 2033.454 2030.108 2026.807 2023.61 2020.574 2017.752 2015.194 2012.945 2011.04 2009.509 2008.374 2007.647 2007.332 2007.424 2007.908 2008.765 2009.965 2011.476 2013.257 2015.267 2017.461 2019.794 2022.219 2024.692 2027.169 2029.611
